2.24170317125
3.80265229258
2.54592287626
3.25686712837
4.01935762246
1.83199500661
4.5156972492
2.64940503476
3.60225187805
2.75367562641
2.67366041518
2.94565808026
2.65916830892
3.13114311639
3.03980972274
3.4553894101
1.35775323765
2.2232604758
1.94469917766
3.12451679723
4.08870310936
2.90790923329
1.7304475825
4.08870310936
1.97767553144
2.76514044869
4.60157093081
3.41116995504
2.86157220752
3.39537159969
2.10084637403
3.02244484715
2.64102901365
3.12451679723
2.28296915612
3.63729451032
2.89725165275
3.14385806825
2.42576107116
1.90899488515
3.66408239605
2.96996024961
3.39264294643
3.01766256211
2.71948773593
3.25545892696
2.68208535509
3.63107532856
3.14697933738
2.20390043441
3.47565406349
1.76658340261
2.58362269646
1.9328831881
3.64310714179
3.13026536646
1.29655004561
2.54592287626
2.92708810311
2.54592287626
3.10955544064
3.15644138615
2.58362269646
3.80533412098
3.19266494779
1.89599855069
3.38695439133
2.1336885588
2.13339116399
1.9237193974
1.79549880186
3.03980972274
2.54592287626
2.73606501099
2.86676204253
2.90878587158
3.31757459978
0.998054151306
3.43627968482
2.50725893573
2.54592287626
2.63406423784
3.63107532856
3.23995906964
3.83740270736
1.59101101505
2.89725165275
2.06645432589
2.54757575621
2.3451043779
2.03317802881
4.44454542476
1.70533884568
2.73776707422
1.83363310952
1.63241606348
3.24766892071
2.62432436001
1.86528713294
3.93380436173
3.38695439133
3.23166428297
3.6863761101
3.25545892696
4.48540067809
2.83087725506
1.82691962814
1.85656312097
2.61541373605
3.04732254012
3.0730409711
2.04956144038
3.04900956286
2.84110675242
2.75278344084
3.13114311639
3.5214088664
3.79347773959
3.04900956286
2.75958554872
3.00856541222
2.43196166156
3.02244484715
1.4037062962
3.14521041879
1.88993759585
2.96996024961
4.61874434169
3.88846587126
2.90925947907
2.36778783022
2.83381635585
1.76069603684
3.85288528213
1.95669027613
3.30654905931
1.86528713294
3.83334120855
2.1336885588
1.90769676231
1.76909291004
4.08870310936
2.50725893573
3.16800226971
2.84110675242
2.05371789143
4.52511842465
1.72095718656
3.24513385663
3.79259894334
1.70533884568
2.85089083475
3.0703645468
2.96731316949
2.85694136359
1.86528713294
1.7906810706
2.19622407735
3.30708918606
2.61979105099
2.71728182631
2.67366041518
2.09143471636
1.53750193233
3.14697933738
2.51484976763
3.28640546611
2.51484976763
1.55250163256
2.34367589638
1.94956144052
2.1704981042
3.19266494779
3.60121455244
5.0671972349
3.5214088664
2.25922815152
2.62333101859
1.80455537719
3.15644138615
2.6340061499
3.64691097695
1.55446239753
3.15644138615
3.63107532856
3.9333080976
3.0938413587
2.01042867752
2.54592287626
2.03317802881
2.36867013815
2.7520353441
1.59100579612
2.94565808026
3.87667406992
4.08044239873
1.88088017321
2.99332845226
2.11281295487
2.43875326162
2.71948773593
3.83740270736
1.90789392357
3.83740270736
3.02244484715
3.26728443388
3.27729200318
2.11857693824
2.28296915612
2.85729625045
1.70478440065
2.77651054722
3.24569319023
3.95308907258
3.70278149825
2.15555671801
3.8355222958
2.20383314484
4.09985996076
3.12073406342
3.25706770191
2.52631835589
2.6712187193
2.7520353441
2.21658408478
2.50725893573
3.62157584992
2.63406423784
2.28587422553
1.67387802294
1.7707609219
2.02562409927
2.33083155538
3.85494832473
3.28640546611
1.92806181798
1.86528713294
1.53953274632
2.28932450629
2.82682691424
2.7520353441
3.54635129763
1.61045355634
1.50870887054
3.70909533955
1.83363310952
2.2841591557
1.87230104199
2.0518738054
3.35893369404
3.2045964685
3.16800226971
2.45486875784
4.04055929225
2.49783116255
3.95308907258
3.5214088664
3.5214088664
1.9160196879
2.39223156255
1.92159658382
2.95659272148
2.11894858187
1.70533884568
2.92708810311
2.8825086388
1.28124296359
1.55446239753
4.34140515359
1.29561663113
3.59686743805
3.44834123316
3.04900956286
1.35045730471
2.34258392844
2.30582978497
4.03550595185
1.88195037709
1.7304475825
2.43930559463
2.01319539188
3.18141128816
1.86494776313
2.68105008352
3.95308907258
1.61839422616
2.03493576911
2.69268358555
2.30546775722
2.85329227733
1.50222164249
1.51284223265
3.01766256211
2.21658408478
2.31329062752
1.6458976103
3.15084203214
1.79549880186
1.59770697556
2.2038206598
3.87667406992
1.44607057953
2.62432436001
2.45905319749
3.93946829924
1.91990616239
3.28234112514
1.84597952571
2.45486875784
2.37875833316
1.69461072693
3.4553894101
2.88946406513
2.45749289565
4.60157093081
2.95515759716
1.9160196879
1.8032001624
3.13026536646
3.32499019553
1.66097434042
1.71612889044
3.5214088664
2.25775039019
3.93380436173
2.13480533358
1.90769676231
2.14442078397
2.81102814901
3.29711908679
1.9237193974
1.49137918994
3.35361102253
2.45581412367
1.86528713294
3.51523511889
1.9754988827
2.67366041518
2.19622407735
2.00366626959
2.28296915612
2.06645432589
1.97503421914
4.14952468054
3.24513385663
3.25318366351
1.92793578379
2.32513615364
1.41228785213
4.16940961637
2.59433932151
2.02108982412
4.08870310936
2.40561183831
1.58894892848
3.10028482374
1.94914905945
2.61109005291
3.71066467676
1.26193931391
4.08870310936
3.80265229258
1.97767553144
3.14697933738
2.27766545484
1.63602774345
4.08870310936
2.84110675242
3.40783250291
1.86528713294
2.51112163048
2.50725893573
2.75958554872
3.06155095339
1.7577469489
1.39080726301
2.03493576911
4.11155789981
3.26610365813
3.85288528213
4.02722807526
3.44450674809
4.52511842465
1.96914392308
1.57569616954
1.99302467186
1.99302467186
2.90659472347
4.63439736578
2.2400502913
2.99332845226
3.03980972274
2.91802430086
1.78809251641
3.80533412098
1.86528713294
2.83762810105
1.64548409778
3.8849292807
2.28678329351
2.76707774836
2.33083155538
2.51119762374
1.80455537719
3.11279811423
2.92459451714
2.64102901365
2.92708810311
1.69461072693
1.97303050368
3.25545892696
2.03493335819
2.94944222743
2.83398923944
2.53812483998
1.94956144052
1.70651345857
1.74666431824
2.11332947376
2.34258392844
4.11155789981
3.95308907258
3.08365561697
3.85494832473
4.10672248741
3.41116995504
1.4162091897
4.34140515359
4.32517734872
4.04055929225
2.3456199642
1.82792087173
2.00185578118
2.14764028937
1.92429129291
1.90500238837
1.86528713294
2.26904373047
2.45738593213
2.79276852563
3.02244484715
1.53335362437
2.40561183831
2.82254127132
3.30819068718
1.99171513406
3.33772718274
2.50302835955
4.39925687015
4.02722807526
2.43761994637
4.14952468054
4.62815113009
2.63931557392
3.91779928391
1.85747196757
2.74547724509
1.15707637023
1.76563572075
3.60040687069
1.96581426314
3.02244484715
2.15349843792
2.95558277151
3.06549387176
2.11864711884
2.22859275054
2.94944222743
1.87383923461
1.91253972715
3.95308907258
2.66623934582
2.84412084365
2.09085712713
3.04900956286
3.21493300899
2.30556437901
2.81380089512
3.94645059627
2.43782159646
1.83199500661
2.03568739753
1.662690067
1.76217657386
1.97503421914
1.45007441516
2.14822354929
2.67145253117
2.00548088861
1.07189446498
2.45058683914
1.52582944811
3.44834123316
3.05379979537
1.97303050368
2.64960103312
1.54358483874
1.80432330322
3.60121455244
2.19222067724
3.21493300899
3.41748042064
2.2400502913
3.41958703915
2.93975663296
3.80265229258
1.83483289611
2.53233811813
2.37659818658
3.54819427259
2.01116585745
2.83762810105
2.18957062766
2.38014728601
3.22405910193
2.97892843803
3.93380436173
3.33911639501
3.83334120855
2.62432436001
2.66408766465
2.64886050115
3.08139705586
2.06142386306
2.84110675242
3.08836116072
2.87323193603
4.26909955754
3.34988085582
3.02170745287
1.50652029364
2.92708810311
4.5448091727
3.23697176461
3.18559327555
3.50098896666
3.30708918606
3.93946829924
1.52998649647
2.75286386392
3.48826835568
2.33083155538
1.38144021569
4.73162021938
3.78048480608
1.11051952213
1.88195037709
1.83984013215
1.94914905945
3.61625126146
1.87135370075
1.35775323765
1.93159998548
1.48651887766
4.01150766956
3.08650575851
2.98270831785
2.46603955601
1.40156921476
4.08870310936
2.58920564906
3.50418950362
2.19622407735
2.43196166156
2.36353697772
1.69688505575
1.42429648858
2.85951769708
2.74547724509
2.85324134864
2.84110675242
1.69688505575
1.95610991266
2.58018079322
3.6283315831
2.73100912708
2.63406423784
2.84110675242
2.84668180426
2.02274125511
3.9333080976
2.8697525245
3.60225187805
1.84696500656
2.87323193603
2.31329062752
2.28771084081
3.18141128816
2.76514044869
3.94525240689
1.53750193233
2.94903903064
3.17225177401
1.86528713294
3.27826864095
3.7284206663
2.0518738054
2.2232604758
3.91779928391
1.61339348481
1.40753461446
3.02244484715
2.98504178653
3.14831750494
4.29227513254
1.86528713294
3.41697429702
3.64691097695
2.13884859093
1.61218077918
3.34203919077
2.51727857013
2.63406423784
2.83801854423
2.79017864083
3.21493300899
2.83801854423
4.08044239873
4.02163796706
1.44531961871
2.96961923229
2.20857861154
2.36778783022
1.90718341227
2.94714757298
3.08950179527
2.85951769708
1.40381515324
3.4553894101
2.11281295487
1.74666431824
3.42311835772
2.64722488553
2.54809036755
3.07803151813
1.86528713294
3.42236207301
2.84728241706
2.96021194663
1.70533884568
3.13905963871
2.98270831785
2.8790507929
1.90378951937
2.120565877
1.35775323765
3.13114311639
2.88650656016
2.46290746233
3.79805141988
1.34247063736
2.70582334956
2.05757095187
1.59100579612
2.40561183831
2.51484976763
2.3517593365
3.25545892696
4.09274095576
2.59635765993
1.43334948469
2.13281762654
2.08919796528
1.79357994703
2.94130423619
3.21493300899
2.75164517992
4.39925687015
2.30427706391
2.65916830892
2.89199161465
2.30546775722
3.0703645468
2.57174997151
3.18912795792
1.92429129291
2.01592327987
2.19366221779
2.42234360484
2.8825086388
3.13114311639
2.51119762374
1.85747196757
3.91104451638
1.94985422829
4.32517734872
2.95515759716
1.8418451693
2.92708810311
2.40839221248
3.44834123316
1.72434892399
3.22847525163
3.93380436173
2.40005986934
3.05379979537
3.29359127986
1.92159658382
4.10672248741
3.25545892696
2.11857693824
3.27729200318
2.72335043068
2.06286731489
3.08415838182
4.22319285073
3.18559327555
3.12732613288
2.6009878533
3.25545892696
4.52511842465
2.76534969293
2.79273505243
1.86528713294
3.82252936228
3.51470335861
1.74456350308
4.14952468054
3.77419712478
2.19104899981
3.23616356861
2.88229106483
3.30819068718
1.97767553144
3.37994979889
2.3451043779
2.53298646993
2.50235715455
3.95308907258
3.9333080976
1.23787289112
2.50725893573
1.67286231966
3.22405910193
2.34781132052
1.93543593094
2.81240714516
1.28124296359
3.15084203214
1.82812512448
2.02274125511
3.23616356861
3.47844384326
1.98997815345
1.52742833659
2.53811635311
2.0098808152
2.38794870767
2.63931557392
3.242576022
2.2400502913
2.90878587158
2.61980708856
2.51119762374
3.19266494779
2.58018079322
2.058032674
3.5214088664
3.11767201961
4.1394758975
2.95662878262
2.22859275054
2.97624244499
2.76707774836
1.8418451693
2.82040464557
3.5735778193
3.31757459978
3.37994979889
3.87667406992
3.70273362287
2.12645062365
1.9216531429
3.18559327555
2.8465490634
3.75817355091
4.08870310936
1.93229291611
2.66623934582
3.14697933738
2.50725893573
3.38695439133
2.1336885588
4.10672248741
2.45752433549
3.4102702058
2.75958554872
2.57174997151
1.63602774345
1.54195385192
1.86679337019
1.99302467186
4.08870310936
1.875257654
2.49599052502
1.40471450463
1.53335362437
2.86757441896
2.2841591557
4.44915597801
1.82065931019
1.44261472374
3.61052623705
4.08870310936
1.98890450102
3.01888848684
2.24983887947
3.04835553075
1.8418451693
2.83398923944
2.56649080054
2.43782159646
2.54808164045
3.2045964685
2.22471385711
3.32758003782
3.30819068718
1.73634988939
2.63931557392
3.27986056382
3.85494832473
1.36487270037
1.81771410162
2.10035474825
3.13968894081
1.94469917766
3.23697176461
1.90620247461
1.57349541105
2.03317802881
2.31208600839
4.22100163005
2.84387559064
1.55446239753
2.30774787719
2.58018079322
3.29340465908
1.72737466006
2.5778938727
4.22219487973
4.22319285073
3.94539747294
1.875257654
2.50725893573
1.61769951512
3.85288528213
2.89112112225
3.37206771069
3.08608441016
2.50725893573
1.99302467186
1.73069735333
2.69268358555
1.68902751161
3.62362930095
2.11864711884
2.66008185817
1.33661472254
1.60588755258
4.16417867545
3.19266494779
1.57269537291
2.86536303859
2.01592327987
3.10617700102
2.01042867752
1.52742833659
1.23252302264
2.24463755583
3.95308907258
2.54592287626
1.68902751161
3.87910479874
2.76707774836
3.05379979537
2.2400502913
2.23865393509
0.920281740597
3.65829581766
4.08870310936
1.7296302734
3.08415838182
1.99302467186
2.76329181159
1.53372070479
3.98754492125
2.15760432574
2.7965536039
2.33083155538
3.60225187805
1.86528713294
1.78906540951
3.60040687069
1.51744407278
3.20148678095
3.01888848684
3.5214088664
3.42454710536
2.34075275199
2.66071801911
3.11431724991
3.03980972274
3.35893369404
2.49260726562
3.18141128816
3.365704289
1.39111886308
1.84937957892
2.81097741313
3.27729200318
1.56405966988
2.30546775722
2.84110675242
3.242576022
3.14697933738
2.65916830892
2.28018638379
1.5600483092
3.80533412098
1.99302467186
2.11686902765
2.08384745157
3.4553894101
1.92159658382
1.52581133008
1.48651887766
3.59336611172
2.39677843082
2.96021194663
3.59686743805
3.09015365675
3.60225187805
2.54767739625
3.8355222958
2.85729625045
2.1336885588
1.89734415994
2.53196017405
2.14135421846
2.718138482
2.61541373605
3.88991260079
2.43196166156
3.07851376375
2.57206711593
3.2045964685
3.0263075419
2.50725893573
2.28678329351
1.53335362437
2.50725893573
4.05350227931
2.43875326162
2.13192050111
3.5214088664
3.85288528213
3.8355222958
3.22665972357
2.1336885588
1.82346050185
1.70533884568
4.62815113009
1.63332387736
2.21935071329
3.30819068718
2.79815506754
1.91665984864
3.16800226971
1.83199500661
2.3517593365
2.53298646993
3.25545892696
4.14952468054
1.86494776313
2.42373593038
3.93960642594
3.0522309662
3.2045964685
4.11640909484
2.13346676128
2.79316779292
1.92982269103
2.78303301226
3.3203571154
2.64886050115
2.95938103692
2.34744811091
2.50190419925
3.46857418504
1.62050890774
1.70371349884
2.82254127132
3.11767201961
2.83973495825
1.35775323765
1.71592086553
2.87145861718
2.02220720501
1.48651887766
1.18962158898
1.58741821615
3.33772718274
2.17066278513
1.61045355634
3.14697933738
1.57349541105
3.23490133461
1.85957845495
3.43627968482
2.00548088861
2.91102696226
1.88195037709
2.76707774836
2.08190414318
1.7304475825
1.79549880186
3.92909793936
3.98754492125
1.56431318103
2.25775039019
3.44834123316
4.02722807526
2.69484036838
2.21500438136
3.28234112514
1.95446514171
2.53812483998
3.7552603466
1.03266474459
3.99541331048
1.53953274632
4.14952468054
1.53485451158
2.84629303804
2.27766545484
2.36867013815
3.23524744697
2.6009878533
2.93833478631
1.69688505575
3.0522309662
1.97503421914
1.48259042608
3.99493157204
2.54592287626
1.92429129291
2.54592287626
2.86157220752
2.84110675242
1.90254376788
2.76707774836
2.12645062365
2.76707774836
2.8825086388
3.15644138615
3.01954333504
2.03855398539
1.51826790478
1.44531961871
2.2232604758
3.71577443177
2.27215832288
2.11894858187
1.90718341227
2.58018079322
1.47088310505
3.28526977131
1.94956144052
2.06645432589
2.82682691424
2.63406423784
2.16291246887
2.36277227275
1.65183996223
3.82252936228
3.01954333504
1.52998649647
1.96208807671
1.99302467186
3.03980972274
2.58018079322
2.22065861453
4.52511842465
2.22858997077
2.06243775091
2.88946406513
2.96996024961
2.23908867301
2.79273505243
2.66408766465
2.33083155538
1.92982269103
2.85951769708
2.86157220752
2.41983821729
2.18957062766
3.4793725445
2.53800300568
3.80533412098
2.11396563233
1.49137918994
1.65320865674
2.02414765977
1.92806181798
2.37905349844
3.5214088664
2.28018638379
3.10955544064
3.31316834835
4.08870310936
3.08608441016
4.05350227931
2.83762810105
2.35386006438
4.36396708147
2.53233811813
3.84044677793
2.9828403726
1.84597952571
2.17099160192
2.63931557392
3.34988085582
3.07284874398
3.36438572407
1.84881551242
1.90769676231
2.67727481562
3.83334120855
2.54925200273
2.50725893573
1.78801035384
2.11894858187
2.2400502913
1.75425446766
1.68902751161
1.6458976103
1.94526793767
2.90997834103
2.34591735901
2.00548088861
2.19188299276
2.85230163372
2.32209122997
2.75286386392
1.5914992993
2.11396563233
3.03980972274
3.22847525163
2.43782159646
3.93380436173
1.36413540089
3.64310714179
1.43572339105
2.31208600839
2.51112163048
3.18141128816
2.36778783022
2.46603955601
1.64548409778
2.28678329351
2.37610599301
3.03980972274
3.65829581766
4.08044239873
2.75221107676
1.90620247461
1.86528713294
3.95308907258
2.2038206598
1.86528713294
2.72771630262
2.41058296991
3.31757459978
3.30654905931
3.47844384326
3.64691097695
2.21485747127
3.75817355091
2.1336885588
3.82252936228
2.6912295491
1.55264499464
2.81097741313
1.94956144052
1.99659647988
3.14587147312
4.01150766956
2.12635343302
2.89361155956
1.48651887766
4.11073061137
1.87246325711
4.36396708147
1.44270338374
2.54592287626
2.37916808518
2.74241620766
3.19266494779
2.94518815887
1.86528713294
4.44750794235
2.83817549044
3.23490133461
2.51849035882
3.14697933738
3.31757459978
2.03613202978
1.94956144052
4.08870310936
2.536375788
1.38505081865
3.16800226971
1.67751554049
1.87320140944
3.41697429702
3.10955544064
1.10931766137
2.23915783486
1.41571097646
2.91758325429
1.47508671975
1.94526793767
2.82250269346
1.57349541105
2.09951761771
1.97503421914
1.90620247461
2.50725893573
2.25775039019
1.87230104199
3.11431724991
3.11279811423
2.13884859093
2.11150304695
3.78048480608
3.16299682878
1.99302467186
2.44564148721
3.23408993088
3.69555066309
2.06848185043
2.2400502913
2.57399730328
2.88946406513
2.11281295487
2.53233811813
3.21493300899
1.59980020611
3.30425313561
1.84079209636
3.08936709632
2.28932450629
3.26728443388
1.90378951937
3.00225650283
3.94539747294
1.92429129291
1.94914905945
2.50155146026
3.31757459978
3.10617700102
3.0522309662
2.08919796528
2.27891553107
3.71577443177
3.16815353562
3.47844384326
3.36584943908
1.9263963945
2.19222067724
2.11396563233
