1.96141535463
3.0272620084
3.32729362546
4.48025931054
2.57951628575
3.11062414039
2.38392261903
3.17605402962
4.32464510689
4.27773849382
5.30736070836
4.41853877956
4.2575130072
4.03537656132
3.53416241387
4.72025383481
4.8938155277
3.4005716235
2.80860046424
4.07868663961
4.77729660615
3.93469639456
4.30684489642
2.70715232464
3.44035758061
4.0069355704
4.02745104324
4.86736063741
3.64528688939
3.28009968387
4.38732866949
4.93090729901
4.33696165176
4.9634785602
1.40465409321
3.80219870459
2.98669152819
3.44398348725
2.83073322449
3.56808664092
2.85567806108
3.99938754021
4.01378315524
2.82485120548
3.63418712836
3.2763957241
4.99222445154
2.65408797836
2.99073876155
3.10170332524
3.53034159852
3.88980861258
3.24442219819
4.51288143826
2.65454300152
4.24301030347
1.89047141799
4.44378271353
1.66950770412
3.86448132782
3.88051504824
3.14605179159
5.01805849598
4.0149811559
2.64749937988
3.09131102101
4.32080737562
3.27417490817
2.48512142208
4.93090729901
4.83488725405
4.02290942188
4.07450253652
2.75876038762
3.5096978711
3.1157513038
1.92146185421
3.23190324171
3.89463630096
2.93932172068
4.2337529339
4.34316017404
2.77817920308
2.51484533333
4.94783555063
3.27899876504
3.36231701482
2.3368071382
2.08822528015
1.57167304878
2.25789012602
2.92830571859
3.26865340333
3.86384323515
3.25617716895
2.63650918875
2.553735508
3.85400663079
2.72727537448
4.01698030133
3.10372932297
3.77759001517
4.2092028375
3.01983042708
3.73218771576
2.51560447441
1.70186138034
3.93771784671
4.81549837584
3.6935189807
3.07526896247
3.46242513089
2.28085760434
2.06584122498
4.50798738342
4.94783555063
3.29905052243
2.94653149822
4.35849836083
3.33025943492
2.97931649759
3.62906442314
3.16070779426
2.5356310856
2.36125801317
2.33976877498
3.17393543894
3.94324470398
4.53300436491
2.77309517989
4.08351402372
2.08936647466
3.42822525311
3.33064768301
2.26829374749
3.80190554901
3.58813294388
4.31071141606
4.27386160716
3.80995592211
2.98739112974
4.73508292495
3.50730934775
3.2763957241
2.46304661596
2.94086353678
2.0936143533
2.37681577742
2.75677751025
1.89875595838
3.42507808031
2.20296822129
2.38028239818
4.6361382587
3.82384611545
3.58783686029
2.01484525689
3.56159263282
1.37246454661
2.54998352047
3.39191024174
1.64175443864
2.83790588904
1.59354996051
1.11582228768
3.67736358586
2.65276935298
3.97026593646
2.9161600963
2.75545889382
3.74505195269
3.52206784126
3.91940245063
1.45708113419
2.08406657948
3.82138414143
3.104233301
2.50831960797
1.85580368392
3.74149540527
3.72010283602
3.07711211954
3.29601224519
2.90336172731
3.41690502453
3.78762103804
3.08714227528
2.2012786377
3.42788762482
2.62611787329
2.72512897666
3.99270923169
2.76707845856
2.08164208618
4.81549837584
3.33669603864
4.51153850756
1.94544546588
2.95637276539
3.10725200257
3.12696858586
2.74106596561
1.39045819176
2.75108426989
2.80549048675
4.85480094698
3.79112719305
3.12140279984
4.2944208642
3.48443803376
1.86545919794
1.70944776547
2.99393501199
3.27359188169
3.02211521578
2.75817350025
3.95396532172
2.48332821926
4.8195951706
0.430853329849
2.79966220603
3.6513462018
2.31202490313
3.59688837159
3.21803101279
2.85381640582
3.06980551112
2.64386608629
1.87806537352
3.42165866026
1.77649749866
3.00645585596
4.07847097642
3.89336012846
4.34264740437
4.91944513311
4.14094716167
3.02243030173
3.26503914097
3.29502249901
3.88371343402
4.37246887925
2.81199980604
2.80294355964
2.9856479532
2.78104356004
3.95906420458
4.84858912247
4.16995854646
2.81492532018
2.98167371631
4.12209200508
3.4375241155
3.42569814711
4.10755728516
2.34670390828
3.80260837973
2.55864029758
4.77505070135
2.42400287645
3.17799469195
2.21540790631
2.34627249356
2.11304219848
2.2392986643
3.20662057603
3.20840387225
2.14904143887
2.59455334161
1.59461801112
4.47375610655
3.78017709842
3.09129252739
2.40440874829
4.15316464488
3.8349001995
3.31014550642
1.71924708601
2.18027746945
3.07138348838
2.80472242348
2.02022986829
3.30991354964
2.72599764149
3.86862218479
2.92045028143
2.58576197529
3.99986559285
4.31071141606
2.7989102359
3.03928578473
2.28085760434
4.10735068696
2.01709567139
3.16227518806
4.07117518713
4.03712587161
2.49005747568
3.39087821259
1.86799661647
3.91512272212
1.52393797135
2.85830241933
3.32907385362
1.19025579114
3.59991235218
1.9729974797
2.71303196678
2.71303196678
1.92519974223
3.36303856641
4.71052067448
2.6622097369
1.51932970422
3.46114581849
2.37539793303
1.48525907262
2.94129660552
2.87491369204
4.31426342519
2.55354131439
2.90313410026
1.34268896052
2.75876038762
2.47935432142
1.35928470698
2.79192615582
2.00827853655
3.41600700409
2.17611881193
3.55457445854
2.87835846494
3.52725818231
2.90543866629
3.14439877355
3.58076450964
3.52733955012
3.78180974337
2.56482772524
3.33128354993
3.92543865364
1.63012518478
4.18155506205
2.12271504136
2.14827177911
2.67980615594
3.199844783
3.82517431837
1.93987438017
3.16415421085
2.43703559699
3.11648395336
3.01563439041
2.63899814198
2.10436409707
2.00624015181
2.33888001048
4.4034118094
2.00108850544
3.65678397438
2.25322020188
3.64074818637
2.71294831733
1.83085313745
0.816389362203
2.40853935704
2.45102600776
4.24818137554
2.41433874125
3.11132062466
3.57749590426
2.07054992747
2.47472002533
3.29886116745
2.36095172145
2.52284153209
3.01293059693
4.03450064719
4.62158881035
3.74134279451
3.51790427006
2.75219219977
3.32989560364
4.64230122154
2.31314965875
2.91914698595
2.40381658648
2.84517712716
1.05037848259
2.90344115255
3.25278144802
3.47625492111
2.70269728947
2.97429132215
1.1412261064
2.77309512848
3.02728913344
2.31818313357
2.82298054259
4.72453023934
2.41857211493
2.00574821825
2.50401746349
2.05931026269
3.06837990016
4.38806983714
2.765802846
2.98460211583
3.19681577558
2.4018999505
2.99322985757
1.5307006797
2.87359819892
2.28780679535
2.30185936893
4.70206253322
3.46239982265
1.11359736682
3.7138089569
2.64794632233
2.44093813031
2.42469103959
3.30490716145
3.0690662119
1.6895991249
1.72067701127
3.3271876629
1.34747087146
3.99826773634
2.28029714802
2.56518277144
3.23421964212
2.5230395131
2.29281248583
2.16331295412
2.386373024
2.5460443283
2.87004749677
2.66452185678
2.04823711365
2.53991455821
2.40177697791
2.36939603379
1.60322941635
2.84490309661
3.88251947765
3.63594833081
3.16651878686
3.11979449241
2.28418903332
4.54361030393
2.99075078354
2.56931658943
1.34719747204
1.85821626392
4.43093586734
2.5177934313
2.8728228662
2.78307232474
4.60373823119
2.2367575657
2.67279207596
1.77694506875
2.4750941647
2.47402142024
4.25608642241
3.43800565863
3.34516779502
4.66428926484
3.28479783812
2.79557635917
3.5654021738
3.38147525485
3.20329010528
2.22852945734
1.2880545734
2.15127148821
2.73818237312
2.89120253324
1.04094275839
2.71610257342
2.91647736342
4.10578700834
1.46814401903
2.34306057119
3.25496414503
2.24435553928
1.52714483478
2.59178854134
3.69424434315
3.22552352141
1.61375729081
3.98089428463
2.54019221619
4.6864307596
3.22442509045
2.36159872451
1.47450373591
4.72806474933
2.83711585531
2.22799959683
3.00430407372
1.23290605076
2.99020152188
3.47427414591
0.877351891769
2.6424836604
2.83000732198
1.47566202493
2.85433145901
2.62387573275
2.3604738465
0.899073768839
3.13574764595
1.5363089416
3.11668224137
1.99451639078
3.32209427279
1.59262672063
2.21985195045
2.94056829335
2.0978698533
3.40492589992
0.911840241416
3.26865340333
3.29780387776
2.02472278588
2.38635120426
2.55744423606
1.41921358985
2.75909047103
1.10102132284
1.33281752632
1.81872397074
3.16177429274
1.36984204142
3.39811741411
2.96368263798
1.79493011517
2.4651227795
3.03798110413
3.46991596108
3.47174607606
3.27570329658
1.52604288163
3.15427664657
3.07091062963
2.6234689137
3.91320327999
2.46822819345
1.61588174168
4.30570379683
3.75835854297
4.10053091084
3.13482508759
1.61786643921
2.05966732891
1.62529179506
3.98084609053
2.14905965896
0.987607714247
3.50467513393
1.93464123215
3.40830933054
3.92480349656
2.25322020188
1.6326237618
1.05092882488
3.06085525507
2.74214580781
2.72783111077
2.47853342453
2.68405985829
3.39550979167
3.71083231995
2.47552740293
3.86127531228
1.71292843425
1.42528575863
2.78437027188
1.98928671682
1.39984923514
2.59897523043
2.80298905755
2.44390056742
3.27415132517
2.30357799004
2.67622348283
3.60920909262
2.07014830836
2.2520834051
2.7315026071
2.55540821207
2.8696189595
3.21739301135
1.17447542864
2.56265149623
2.92779333022
2.2116770854
0.439300090215
4.2139043986
0.705928982004
2.49623994832
2.64709373885
2.33881494282
3.98178105877
3.21334125313
3.27985864515
2.27172532259
2.72824309743
1.73562226561
2.28085760434
1.18916954355
2.2477515547
2.43858693636
1.12344921791
1.77225018069
3.96437709178
2.61543119698
2.02015705957
3.25040380629
2.05371640066
3.66620706361
2.43322351565
2.40756706106
2.22438322049
1.61758987346
1.7952843507
2.37283086619
2.3215686477
3.43754852606
1.24957326837
3.60907303291
1.54718529135
1.30613353645
3.5340775703
2.25828111266
1.2443709667
1.42842465354
1.60493257517
2.80542721337
1.42528575863
1.85979573731
3.60147777782
2.6445270129
1.16308719033
1.90203945956
3.10154454447
2.09875847084
1.22669844347
2.45856682483
2.61829658888
2.27687803201
3.48412103642
2.14028793797
2.07566030444
2.58297305903
3.02834574133
1.95625073741
1.51757901747
2.57073912324
2.00743383945
1.85351005709
2.30542494346
1.17326291881
2.07877453887
3.52297449186
1.7964803278
1.99839871934
3.34352600308
0.808429051816
2.72510484137
2.15526046956
4.0380943106
2.42955244559
2.45760323593
2.37570951551
2.13601881451
1.38901263113
2.35480203374
2.27315312851
2.01015180745
2.33921291587
2.40954985461
1.79313990831
4.50914846489
2.16804876326
4.05191337281
1.75505171691
1.97746303906
1.72772565867
1.72095236006
3.4005716235
3.62483557085
2.14821508051
3.43642476213
4.62024504274
3.07642659425
1.96782632507
2.01700692621
1.58031103435
2.38004665977
1.95276685394
2.47777264556
2.61969844357
2.52602343977
1.03490543099
2.79440497507
0.312238568884
1.04737919982
3.0225529927
1.11551607804
2.50502064935
2.05613525781
3.31432992083
2.72560202638
3.28141009402
2.65760887697
1.85164731661
3.47672816297
2.04557249265
1.56239310678
3.18410183271
2.72727537448
2.2116770854
2.01809647182
1.6967260956
0.861197318695
1.79995237243
3.42072947717
3.83978141783
3.28238113748
1.82626853182
2.94509430772
2.38844498491
2.00482302494
2.1084986623
2.36531826073
1.86888549305
2.75351316917
2.98534201779
2.2673776246
3.26120561517
2.61421980823
2.13557453033
1.62458424871
3.61854944379
1.51184877852
4.39163199474
1.18514209524
2.52239167101
1.58459771403
1.44957687753
2.05454789844
2.58605374797
1.65133933857
2.53304573825
2.71303196678
2.2106556391
2.922433141
1.61814443711
3.28174814558
0.229406842111
3.03022355376
0.679589766266
2.30942889083
3.33870922419
1.23821005004
2.57298502434
1.85684839546
2.26719682893
1.17051162879
1.55931690667
1.98066854642
2.26348833916
3.34285128101
1.57554117637
1.51455558376
2.24767339537
1.80575586882
1.93656737627
2.57548467658
3.3095019421
2.22586274134
1.39272090851
2.76120120974
2.1242984042
1.42530449129
2.04753074725
2.7236403878
3.38957333038
2.03093883814
3.27000357421
2.36036133065
2.0901448524
4.63170739878
2.67968610602
2.33041597974
4.54591844165
3.82737939118
3.31674303244
4.07494208709
4.18127833294
2.8140384017
2.8140384017
4.02583653475
3.90264839122
4.74588062879
2.33041597974
1.8296612446
4.63170739878
4.73341355643
2.14357652155
3.06274371886
2.99382510637
4.01299898481
2.79725163665
2.95171984043
4.76391413025
4.17501879553
3.38193018659
4.20765868832
2.99382510637
2.33041597974
3.61068446633
2.96321055985
3.03546593805
4.0903925536
3.07097886914
4.74748806632
3.83975331634
2.01243428063
2.32700018071
3.16677484983
2.45502272614
2.10938402746
2.96321055985
2.99382510637
2.37987889552
1.76878482263
2.11700718363
4.74588062879
1.20421560291
2.96321055985
3.27899876504
2.95171984043
4.60803716036
2.30624271369
2.75757105462
4.60803716036
2.30624271369
2.89036559437
2.96321055985
1.86835629937
2.99382510637
2.96321055985
4.54361030393
2.56444408611
3.31628701334
4.17501879553
2.3306425396
4.81822085824
2.11283947518
3.27899876504
2.48717739906
2.28737629576
4.60803716036
2.65276935298
2.94769219016
4.64031674221
3.49942152852
4.64238530159
4.31561418848
4.17113316583
2.86298754971
2.61920790952
4.68045520316
2.81247881178
3.02787197706
4.60803716036
2.45502272614
4.54591844165
2.30624271369
2.33041597974
2.30624271369
3.40255841578
4.57867420591
3.60907303291
0.996677462487
3.30603083983
3.27899876504
2.70825775466
4.76730267349
2.95171984043
2.96321055985
2.19565843413
3.46288702026
2.1349716765
3.07655583653
2.88589786071
1.76343000692
3.03019202173
2.30263783191
2.64350927313
4.40470393956
2.39748820178
3.20035741156
3.61466960777
3.75218637077
1.84562858288
3.71929929004
2.55463879153
2.24858635933
3.34287616499
2.47001707596
2.33323122711
3.8009704176
3.25121974542
1.22511989008
4.05148472913
1.20832336109
4.20765868832
2.78003727583
2.84178534006
4.00979156028
1.85541300387
3.06980551112
2.55801048239
4.10650048969
2.85179296117
3.64191107574
3.54571887977
4.71563920147
3.37498729005
3.5424377564
1.9315367726
2.00135709807
3.50134423044
3.0151951019
3.4764351224
3.54227116734
1.72593573945
3.88524281793
2.57508403971
4.31071141606
2.5619818212
1.73602057419
2.70319681165
2.61348954589
3.05878516647
3.60048496282
2.27655537204
3.32062893808
3.51801785325
3.26078405748
2.71342455688
4.31071141606
2.49202270591
1.64096341239
3.13381005981
1.68343059917
2.42291049476
2.55970921221
3.39229751175
2.00388647995
2.93052825392
1.7888284163
2.58213501494
3.9397991784
2.52904639461
3.33357096096
3.43594691986
3.26786589946
2.05751493974
1.8295740372
3.17153508424
3.0747341964
3.98417351771
1.11694292616
2.38615885397
2.25531060797
2.41856027457
3.11785680208
2.08214825308
2.81498218065
2.56637507435
2.42096079434
1.97073960178
3.58691965821
3.49655454411
3.22337191534
1.46116649513
2.80356887997
4.71598174672
3.52645308498
4.79261226231
1.92691378467
4.61325996241
2.85163736834
3.62228056731
2.90907208902
1.89713340589
3.43794206861
0.900761707138
1.04088810738
2.60334572083
2.9960975011
2.35289169598
2.34845844802
1.87958333201
2.59038157089
2.60905508469
1.64049977202
2.01992604924
2.22985974097
3.15023737432
2.66407174202
2.41850540894
2.25917550345
1.60427496128
2.2087244054
1.18033422186
3.23704871207
4.14277447322
2.34499055641
2.31296163899
1.6861294053
1.87005217437
1.49240193244
2.43593756723
1.76961102715
3.74588991374
2.06644287465
4.04966258116
2.0026450226
2.45835612264
1.293111165
2.37859223937
1.95519974363
2.24337150612
2.57675821358
3.42281038023
2.79083476057
3.49026581462
1.71155697972
2.34851603575
4.19640787057
1.99886131755
2.47196825383
2.26647940881
2.14143774929
2.84653821562
1.49798328676
3.94058353536
1.46014399292
3.59354552451
3.00320687203
2.34920743503
2.60330983947
1.7146918599
3.19672171178
2.43539434451
1.70054213257
4.03881351259
3.40798517413
0.753016548516
4.51788306605
2.03198939505
3.18668997176
2.70262537788
2.55573125466
2.12246306702
2.35188381939
2.56351049932
1.92265979894
2.06537356886
2.09119412278
2.22086881985
3.37706413269
3.33266061814
1.86712762781
2.90344115255
3.68732716416
2.96930461951
2.07184872301
2.02768129479
2.37743875532
2.59852588326
2.64824453412
4.33610434979
2.56952233775
0.78470080577
3.56921572758
3.22337191534
2.80117665164
3.41857899689
3.01979164355
3.29380457264
2.66508501958
2.73714143495
1.26777979401
2.92830571859
3.03886065892
3.45860683894
1.61046202451
3.34495006466
2.96026662371
2.51429756642
2.69794654207
3.34475580135
2.42751883971
1.70727209977
2.81751558579
3.36591952889
2.58494706474
2.6085939946
2.84928798706
1.55469515172
1.90534148517
3.01569867124
2.25073096915
2.76866870828
3.61716057886
1.84843659029
2.90379120074
4.20089857091
2.89986509966
2.35055702453
1.772402943
3.08153202673
2.4322198823
2.12553881111
1.6637713247
3.34763944387
1.96677452524
2.37533553507
2.37584678283
3.55623007665
2.78171459463
1.14917974636
3.52970263971
3.62153741466
2.47552740293
2.97299788766
1.50410589263
3.57530934231
1.8186475185
3.55289489265
2.17444521167
2.32357063815
3.57635180957
2.77669877654
2.44655976532
2.89838045239
2.97429998189
3.57478263646
1.99551071073
3.26553610312
2.99442607161
2.92626259866
1.5634850547
2.3239469906
1.01496207034
3.15517926013
2.80875209245
2.45604182591
2.32201933996
4.04435645146
2.15087168295
1.37073343612
1.08711077597
1.72795208228
2.9363037562
1.85426886912
2.14700254146
2.26031964089
2.38513353632
1.71462138599
1.65261783074
2.41158597947
2.3169344805
2.77318673732
1.62030324602
0.878036687074
2.02378010258
3.41832141914
3.56084846686
2.71155105555
1.1275215793
2.53918862348
2.4411493597
1.45711010234
1.1906890289
3.63461305963
1.77163356533
1.10792143663
2.4639476854
2.68331347716
3.23167208961
2.01383118896
2.9307607781
0.942472479537
2.3446370251
4.50019420792
1.29964855398
0.542004104995
4.68080909159
2.74538817593
3.27113807369
1.63073037877
2.65593746581
2.70781352463
1.08038682012
2.69418879661
2.8931072077
2.38897704669
2.94952738033
1.48864543513
4.74933899862
1.39442090122
3.07713934244
1.10872750212
1.43962750432
1.71998316615
3.09648739268
2.0765090345
1.31692530555
1.6044728301
2.59877597275
2.3161018274
0.964599980187
2.14855855354
1.5305789918
2.82164252858
3.62824199035
2.29348835091
1.84865458791
2.4884058283
2.60422806068
2.73732224438
0.640512672685
2.29180355844
1.94080733475
3.06794671137
0.548576713201
0.962040555055
2.70218391472
2.88612973707
2.40616249411
2.58298273441
1.83391235438
2.3878371037
1.18679556409
3.22337191534
1.80052214734
2.39226143094
0.681825507167
3.94515105492
2.42056563014
3.26086972156
1.53453287745
3.08289387811
3.10103483152
2.74712315694
1.75595820566
2.10661489598
2.3025475885
2.36031247127
1.67964592679
1.69067475777
4.60653171609
2.33724374308
2.38805391853
2.6639669643
3.62307311717
2.52953697438
2.95333206106
1.4828411127
2.47472002533
1.49396769358
2.91295813476
2.37160837724
2.12870313805
3.78648562182
3.79844316239
2.65049092466
1.66943020728
2.07334008799
1.4733300133
2.76644818165
1.60924497311
2.48362863165
1.34795569229
3.27222113068
2.30670457123
1.74130267492
2.33086763976
2.85737901104
2.19118100981
1.6234784974
2.63922811096
1.52194984391
3.50196406108
1.66634446466
1.15420434376
0.592912269982
2.90690902501
1.79143549641
1.48291767191
3.87902169668
1.73779579723
0.956018473583
1.75719379626
2.69663340769
1.44503242939
2.62008897224
2.69639987526
2.47272496514
0.76121653491
2.01388969963
2.97741264077
3.35915355246
0.736451575641
1.96383503658
1.21662963151
1.98207934574
3.26321744105
1.50449902557
2.54162624197
1.43816475666
2.76391048591
3.22337191534
2.16376504254
2.10297979821
1.76471047612
1.53065069113
1.05686746716
2.29201537097
2.91329548121
2.4361708172
3.27985864515
1.77370885556
2.72258712982
1.56275560261
2.03275180315
2.38114932378
2.22428832977
3.20870063585
1.88268536553
1.68472997497
2.13053379101
2.1708181505
2.72053212696
1.11298366507
0.943351976674
3.52336951406
2.67907656738
2.39407267828
2.00402142875
1.53453287745
1.71756966342
2.31264503095
2.21661282645
1.40777077997
1.46585093332
3.19932398051
2.11899618091
1.99144861399
2.23021154536
2.70256039314
1.30478279584
1.61597222484
2.17813293965
1.88349739517
2.69781352532
2.03365278201
0.625347107213
1.40377906105
4.07134391934
1.43181742923
2.63039059963
0.849811003257
2.4739509489
1.02183832894
1.50739994841
2.70490381804
2.31810431142
2.08359443634
1.35914639465
2.79557635917
2.63306460832
2.25839480131
1.90984499747
1.76169883916
2.99362377233
1.1058055363
2.98385710673
2.75897780813
3.21987983223
4.74601482188
1.17875292606
3.05422028329
2.59777741577
1.83603347983
1.7779267472
2.09190487669
3.22028721851
3.46959346735
2.35772666355
2.54075903856
2.41870465649
2.89917523426
0.954249223246
3.447546124
1.05758693945
2.54244390567
3.84511105008
0.995614773152
1.52393797135
3.13113059825
2.34185829915
2.29564209174
2.27793173951
1.80428904493
2.04396848128
2.07732735376
2.94541147934
2.38495999033
1.34557154499
1.60229522209
3.8233961165
2.13501169914
2.31076772337
1.64309057867
2.75326865081
2.01302049766
2.16455267565
1.62711442341
2.31377002233
2.89750984746
2.34052875282
2.2087757249
3.58464531133
2.76376768252
2.6410205828
2.97219030094
1.49119348844
1.25336869878
2.82363590319
1.0685626197
2.20420012233
0.586333024503
1.58654712252
2.43738289999
2.07807759977
1.19804447531
0.597732592442
1.5338626414
0.750430329502
1.00179936031
2.60783334001
0.812331205438
4.26682854913
1.47364375691
2.88422778498
1.46713171036
1.77324470584
2.56085798067
2.39010882962
2.91307045883
2.573125452
1.07431103285
2.07556375764
1.95049482975
2.46723492426
2.13547903236
1.92847671108
1.73076248797
1.62475875544
2.45595231652
1.96976493664
2.32382552272
2.70803687777
1.84865458791
3.98706936891
1.86848590214
2.67214954974
2.80621644921
0.605020270956
2.88372438823
2.93817210104
3.14186877467
2.69991467802
2.4679051519
2.00440022203
1.31768511819
2.665636391
1.5262793942
