4.647271029
1.62486102428
1.35185546588
1.44333210887
2.00500514746
2.61369661428
2.29633479166
3.11829292598
2.07482457749
1.24752674174
1.77032194042
1.1424567477
1.88844580286
3.37755283484
1.3868135083
1.14399010034
1.96804566135
3.69080924037
1.23705815747
1.49285583387
4.09482666921
2.59983686899
0.88772092823
2.55559043798
3.05626202507
4.69001062082
2.05184188283
2.1705830454
1.5147850937
2.41128342374
3.94903220777
4.30153804015
2.56492631012
2.97726234627
4.14605920586
1.92280239305
2.47480800757
2.51990596075
2.36664563599
2.31859975853
3.48656876381
1.54791857871
1.70097048991
1.62929259254
1.12317610475
1.57083899575
2.13941018612
4.00719845774
1.90344423914
3.507997386
2.92776777423
1.89076928209
0.898632361029
0.550979829599
1.50424175186
2.73659595568
2.98118520786
1.82643422055
-0.338408892807
2.98796506639
0.705513797151
1.60315196378
2.32822213784
2.96415230299
1.38561573179
1.93195237207
0.575957627435
1.95324896566
2.56653723083
3.55501509733
0.680987433349
2.10569906419
1.18618588408
2.36869923975
0.279715849573
1.60332886739
4.22531115337
1.0409686034
2.9244612986
3.24129292035
3.37755283484
4.58454219636
1.68464972027
0.584784217201
1.82363718462
1.35721328561
3.31581420565
3.06146630574
3.58964084465
2.33766246376
0.73680751279
1.5945910757
1.50642085672
2.98118520786
1.28042278212
3.34996999239
3.11745375314
2.37264489944
1.29840796191
2.30844787881
1.51830698557
2.5970729517
2.00805199817
2.77958645989
2.34923753117
1.61317737104
1.78338559344
2.46392323334
2.493185691
1.81041070267
3.00113045219
4.28288363155
2.18536514937
2.47993613205
1.96088044578
2.6941704955
4.5608439241
2.45478560711
2.00936145258
1.58152446094
4.06364110087
1.76323958807
1.64727499241
2.59416205319
1.70097048991
1.27266498385
2.54583448059
-0.0823829221831
2.51567934569
2.42958352288
1.3423711178
1.22432549828
1.49156694873
1.96720379177
2.77252324266
3.98636608271
3.11171522417
4.18237115643
1.27545544478
2.64435654126
3.43287001186
3.42829556301
2.69324507659
5.85131162344
2.19779650414
2.33766246376
2.03444956625
2.75010749079
3.3316533909
1.98968676376
3.20486350722
1.74784841256
2.49203625407
1.42437895753
0.955155943809
2.27664892007
3.86390942551
1.5147850937
1.83274016815
1.49916016634
1.44922075818
1.5655995095
3.42829556301
2.94382489672
4.32730245395
1.68914714219
2.64238045648
2.10208946616
2.00572124455
1.89333106651
2.30508983953
1.22848678091
3.93429050236
3.10167389753
2.31909309858
1.88718851796
0.901815148076
1.11548619586
3.07251966705
1.38844155608
1.71180523821
1.81506337237
0.844996642139
1.30351227364
1.27497843475
1.73742561035
0.283800327745
1.92970299654
2.559424184
2.37906518309
2.73256797123
2.68703621801
3.48733793701
1.88831862813
1.18587058956
1.37381713339
1.04637769867
-0.00317587375091
0.88772092823
1.307160226
3.53947165485
1.86981690849
3.05031343911
2.44885101885
2.35548668156
2.13865178604
0.290529570138
4.32644137495
1.28704520922
2.10982896093
4.63588190273
3.72291547504
0.656979220095
1.36722939958
1.78471998548
2.79665100155
1.90986986071
4.77041387014
3.01729372168
3.0521999122
2.86189953182
2.20811827951
2.6032546843
3.26617283819
1.66994397718
2.56764315745
3.60810916966
4.21395853571
1.87758052511
1.06318538792
2.27836632179
3.19246736291
4.50797513136
3.01440883423
1.96099534428
0.91452560404
2.32120438924
0.721435936136
1.30879029044
1.11446042663
2.00833037046
3.84913287486
1.20484686731
0.623643496125
0.716216434963
0.469188946891
2.12020989219
0.958895227032
1.23736184642
0.778998637143
1.75575734757
1.97407015879
2.00622979078
2.36619035974
1.8549752967
2.19128360952
3.45899197362
3.89091837463
2.21139400017
2.8512745875
1.84963217624
4.77251710208
2.75917955336
1.30902158407
3.12888712811
2.18010443496
1.79846850446
0.797667954335
2.05019924494
2.78240369806
2.88509686038
5.34967151628
0.664626567348
2.56821148191
1.89336509249
2.13994884328
2.32347087887
1.86197001072
1.02584750599
1.82888199784
2.24697263719
1.57535967973
1.76578510973
3.13716017639
3.40878456377
2.85054148354
0.937741546419
3.22276021605
1.36356530451
4.50509860656
3.66724143974
2.39609633037
2.00622979078
1.44941434736
1.35041670655
2.33562630326
3.25312765327
4.46744143838
4.0786254194
0.46993725813
4.18430027253
2.86174796499
1.57274654555
0.504113470454
4.54566976812
3.42829556301
0.243551357858
3.49811966248
2.2974681783
3.2497508394
2.12370586072
2.46820710531
4.50468835409
0.653396465173
2.54177701844
2.72576363239
4.43123035927
1.84054772825
1.09525231335
2.37252396232
2.18445967803
1.14517349903
1.53190713934
1.776067771
1.17988143928
1.2751402682
1.39614550839
0.587361714356
1.99308708709
1.03946279213
4.71347864303
1.05613380311
1.49645354296
3.70467673714
1.46789151399
1.06950577284
1.98564698018
1.61171307683
1.93341675179
2.26023240409
2.07870704243
0.446503136112
0.991218090128
1.391206606
1.2060574578
1.59801527574
0.941501514187
3.77440116537
0.842029005652
3.84089374916
0.944484363101
3.90404050807
3.95135442464
1.47150179073
1.97134448787
3.96556508031
2.14916465836
0.95478079426
1.51397400602
1.88718851796
0.495753970173
1.1269195677
0.668961490466
0.872032095303
1.06245909675
2.40800113408
0.691417913572
1.57292258376
1.49499195459
2.3742220974
1.93017051007
2.10982896093
1.60573327507
3.19774125561
2.59642835585
1.81375863943
4.34076925341
2.78240369806
3.44119632606
2.15544705278
3.97274889861
3.77440116537
2.10124226856
3.42829556301
1.57308993571
3.46918101272
1.0331503852
1.23272759551
1.391206606
1.22432549828
2.67719650043
0.203313259178
0.467558869683
2.1705830454
1.97812633742
1.75222746185
1.11981127967
1.61987692947
2.03152071091
0.218681180412
2.12813241174
2.39459637115
3.30631090934
1.88959321365
3.84471676646
1.58202021749
1.00513210545
2.42107232995
0.102196676056
1.73558132036
0.550979829599
0.958892084348
2.60019266653
0.433079114825
1.60790760499
1.64164959061
2.20353707956
2.04653319778
2.42630834396
2.58842958896
1.37243053723
1.45085219792
2.21325402733
1.44798170389
0.934291821204
1.92935556183
1.15429293894
1.52368980557
1.24817559211
1.07166218352
1.7000770144
1.51938313403
4.7602125574
4.04742588406
1.32927086768
2.11057282267
1.71853472314
1.14657869753
1.47213631853
1.04077061657
4.22382487632
3.2185413277
2.74446341278
2.80186151131
1.25331026334
3.30631090934
0.586484251572
5.11347995092
0.963889798451
4.22382487632
1.46783251166
3.39677328004
3.27854389881
2.92297500125
2.36619035974
4.40898993092
1.66649187904
1.62340013395
2.493185691
3.89540460051
1.46388774666
1.76323958807
2.63490649426
2.21769323078
2.59650643001
0.562429928256
1.12049090197
1.87434467841
2.52867565057
1.84314546808
1.97122761023
2.88884217248
4.24622375955
1.31997476166
1.32370793382
1.0409686034
2.45900643009
2.82909448306
2.39670559012
1.22143031313
1.85645467458
3.81975037699
3.06436825715
2.08159746301
2.00688781552
3.02190548257
2.85033265246
4.19217470023
2.35728615266
0.817692060883
2.36222470966
1.28704520922
1.14102923262
2.60548872866
0.682630105865
2.43095573141
4.18237115643
2.14457354489
3.0384847516
2.29118718699
2.79976172262
2.94737709776
0.629174502763
2.72479358513
0.89306992388
1.3771011326
3.63508957068
1.5843672693
2.85000512332
1.46523298404
2.17789880343
1.33367303634
2.55129000585
4.12931993196
1.79849593665
2.54492952651
4.94436776635
3.37241041018
1.72063782083
4.14191774563
3.31397763571
3.51239077878
3.05164347038
1.2060574578
1.0568422929
2.10557706841
2.71520898207
1.64095007032
3.14145829176
1.49880762104
3.53947165485
1.95094467539
2.21611515975
2.76575168476
3.30374453155
1.24944796083
1.63199326871
1.90412130635
2.55810543118
2.60737334304
2.28780288953
3.18916484472
1.37169978819
1.48365948107
2.55289709421
3.37627659535
1.93124564836
0.826222716496
0.502056325208
2.65825772031
1.7599240248
1.41796570416
2.09506405324
3.06418543015
3.28052329163
2.37264489944
4.49836825469
1.90310473759
2.29964465488
0.98016668711
1.79630256372
3.92816541938
1.65019327826
4.87069269662
2.57418197948
0.727358818296
0.575957627435
1.87487995924
1.28704520922
2.24767916452
2.12084796678
3.45899197362
0.562429928256
1.48127755087
1.50900658215
3.37755283484
3.47237834296
0.630299128089
3.45087592638
1.74784841256
2.36619035974
1.79126993071
0.548332291677
2.62707025467
2.2259761679
1.59741046155
1.28963592787
2.03783097002
1.96197546394
1.8576832244
1.90043897145
1.14714773352
0.963723267798
1.79028617064
0.756194339267
0.981299665476
1.27140733101
1.93061583142
2.32263237799
2.12650381718
1.87550669519
3.04375478288
1.17882322775
2.38058865609
0.829904374951
2.25004770232
3.0555544636
2.41533425894
2.16073123718
3.29912747844
2.36532541567
2.08005351962
1.49499195459
3.84238456093
4.771075676
1.28898986679
2.76799597624
1.44697481261
0.99310697313
1.71799375361
4.3523795063
3.95160714994
4.10646859343
2.68909355639
2.3426470855
4.63948846406
0.981299665476
3.93695114274
3.84471676646
1.22432549828
1.05740322198
3.31092064915
0.643401361208
4.58414263658
2.55950219425
2.19192251414
1.52516948647
1.32483947024
1.19115851382
1.60790760499
0.795663390866
1.0158540016
1.65901813273
2.3403492728
1.21762040959
3.75970416875
1.04055756761
4.01458518583
1.61211229174
2.13473423948
2.05954736733
1.313729196
2.65303845717
2.03750692697
2.36619035974
0.944198478906
2.09119881253
1.74996297517
0.236820222689
1.53478059422
4.24220018282
2.21988955508
1.76641766582
3.21776880492
2.66090521862
2.14268774262
1.90280735339
1.54352362339
3.17610928585
3.31013786558
2.0251595783
5.05153668616
4.90512231769
1.11981127967
3.49176370225
0.97450143447
1.69707171409
1.31527308688
2.73659595568
2.89326111562
2.13077322704
3.70534694331
3.53053944066
1.1298884213
2.70944774047
5.23599250023
1.69835183245
3.64664512951
3.58632492198
2.34741062157
1.45457275508
1.88141119111
1.60573327507
0.236531783481
1.36555153797
1.50018037697
1.90183971616
2.13717422353
3.07854289303
0.92042552318
1.78869206494
2.92354301698
2.17824676156
2.73327711242
0.901596861637
1.59841293132
1.22169292769
3.86377568101
4.22170773858
4.02996438751
1.87610351964
2.94483112494
1.74784841256
0.60814649944
2.16825518593
2.36980121496
2.74027495367
1.28787739953
3.90455196194
2.88884217248
3.65469663159
3.75315852609
3.24374247806
1.99801895212
1.55220798774
1.37719161536
1.42489155864
2.53044093099
1.14097283401
3.67768344266
0.884569960368
1.33526769984
0.243551357858
1.64568893943
2.1161291887
0.661677906143
1.62433523372
3.50047153611
3.75792940084
3.79255117476
2.64680965129
1.1480213043
2.0911018652
1.32927086768
2.21264550713
2.10414986535
1.38997099297
3.3779307478
0.440299195696
2.68624003237
3.94535044744
1.4407709773
2.97518727084
2.1110671571
0.629174502763
2.53171436072
1.43111169368
3.93429050236
2.00805199817
1.90711063194
0.922837968739
2.97673776155
1.42437895753
1.44797265836
1.40160568425
1.32109239785
1.92129509583
1.72606257971
1.60892746203
1.3149043319
2.03584978119
2.04798049874
4.71347864303
0.885634651439
2.26484960276
1.10143447046
1.97043587087
3.95381174956
1.47888611511
4.35702769863
1.49739713799
2.06478708361
2.7026271948
1.44644693395
2.08585137927
1.42489155864
2.29655081418
1.44798170389
3.0492210286
3.46918101272
4.35435309185
3.86686027007
2.46286565411
3.38944940448
5.30547734779
2.7557775688
1.02280561014
1.03098072358
1.43587759636
1.79630256372
0.673689685805
2.66816413323
0.884569960368
1.70413140449
1.57083899575
4.52580299184
2.49709452969
1.70852968639
4.09615314512
2.30557287456
0.81003133013
3.53164914325
1.04858084964
4.25454793706
2.36619035974
4.94436776635
2.7200915706
2.55974421899
1.60388147478
2.43403091122
0.794690619263
3.9733836649
2.35625775435
1.43231227707
2.51594983801
0.695272444888
5.06987491166
2.36619035974
0.596319494156
1.3373692289
1.30693639039
1.11451780496
1.22744519713
3.87656559419
0.953977426034
2.94781438098
1.66282172968
2.53328053337
1.30873593187
1.34205666832
2.60470158402
2.00622979078
2.55129000585
5.23599250023
2.38419331592
2.12699973448
2.47089876072
1.32456117687
2.34631917638
4.54566976812
1.30902158407
2.13214028725
0.830988264736
2.33469756578
2.19055059839
3.3291756798
1.02035591811
0.998667402229
3.46918101272
1.05433727359
2.35698812987
3.02952534049
2.30524790628
0.642279363216
1.16620493825
0.839682097076
1.23807711546
3.90998647426
1.57979393339
1.59104526106
1.54484557148
3.49961373562
1.4597342252
2.71139334638
0.799148338534
1.86081202162
3.1326834024
2.83067227438
4.35313682891
2.46702914096
1.06571425991
0.575957627435
3.40763833274
1.25778815759
0.972416837589
2.22298934424
3.11171522417
2.33973987927
1.90980407202
1.051045705
1.41776499754
2.06478708361
-0.52464525755
2.06470179239
1.59801527574
1.90539346245
-0.0832829580944
1.31997476166
2.2656162251
1.50780815805
3.39240356647
3.13347465905
1.73885192111
0.345088499127
1.28042278212
4.59450452739
2.55559043798
0.91406938017
4.71369074706
3.88364949298
1.90680509419
1.79206552653
2.0834587171
1.69228044283
1.28850739646
2.26221829474
2.80568448152
2.81902300915
1.33674045775
1.97400627766
1.12835817391
4.48038655438
1.48682659299
1.78471998548
3.11171522417
3.57631067314
1.96294438425
3.53395843807
2.93474062428
0.181960420608
1.97556914399
1.28704520922
1.22432549828
3.13502718011
1.09621403873
1.40276130054
2.87039630804
2.18476306355
2.25860559389
3.68681860656
3.46285535836
2.13675058777
0.892239384967
1.40350078967
1.30508742011
1.26750653766
1.89766569487
1.42489155864
2.18268983519
4.41580209189
0.645629541264
1.92808257367
1.82333899777
2.16795232344
2.9041132485
3.0502977715
2.00622979078
2.68771877494
3.37755283484
1.88577135617
2.16531282439
1.82664430545
2.75341682109
3.5338036901
1.55887292752
2.70217305332
3.45482902419
1.89333106651
0.571185859292
1.44965193803
3.69892140408
0.623643496125
2.7557775688
1.94375672459
2.39737337586
1.86102888849
3.99458965348
1.03638279364
3.51056474848
4.58875157279
2.30059694756
3.77440116537
2.47859179083
2.44627053708
1.81311959694
1.33769215843
0.95763778498
4.94436776635
1.67883328433
3.33627540372
3.28523762034
1.71424679915
2.62526890972
1.65235240675
3.18340288856
1.1630045049
4.20196468667
2.6200613163
3.32857329261
3.73682878384
1.08588350372
3.71011588559
2.02638358601
1.7112562449
2.019604003
3.35841595197
2.60455579099
4.89034452357
2.99735750735
2.85852637662
4.8638050246
2.46602941988
4.44382286636
1.04263033983
0.131934334523
3.72291547504
3.42944505969
1.60945357211
4.96255844618
0.623643496125
1.24462680347
3.84471676646
1.40805407489
3.39963599598
2.19344652437
1.14080315992
1.32927086768
2.98514803369
4.02676606351
0.850222196152
1.42394852812
3.16322365123
2.52581003858
4.37905229902
1.16033004222
3.03560833808
1.32618585099
2.4797870573
3.03385708554
1.57535967973
2.34738473501
3.20351168086
1.15336315882
2.19782838338
3.31710924573
2.54504574967
1.84048338988
3.30264596623
4.44382286636
2.2598002338
1.16699140566
2.38197029344
3.13284111138
2.6946397927
1.32113079494
1.56150876384
1.91008827727
1.74908029885
4.57238536077
1.51288648445
2.37264489944
4.06816976859
0.913962838776
0.540279668908
2.8306798297
3.19663742695
2.61946409673
1.07015654258
1.74977210036
1.29044468104
1.82919356284
2.37970687633
2.53942608595
3.45120710665
3.30259903996
0.912956753136
0.921263753828
0.831660020667
1.92787762495
3.48619698758
1.24955740911
5.23599250023
0.424776557022
1.70877900238
1.79103392515
1.0647979126
4.50503639951
0.691749184379
1.80514408927
0.431287793102
1.38415940228
1.43143511149
1.40901268921
1.89346839027
3.77757701797
2.37393761292
1.92129509583
4.39482861203
0.673689685805
2.48522549249
1.49582779957
2.37315985421
0.861166610031
2.28016850648
4.52090417524
2.0749432116
3.62123160396
0.571185859292
0.822310689924
0.99310697313
1.16876134805
2.54583448059
1.41671826034
3.33350225104
3.14202602049
2.44275548387
2.55342756169
2.83712679845
1.55612869982
0.799148338534
2.45824270462
3.72298234838
1.91200309802
1.24452967629
2.87236665992
4.32644137495
1.70801234383
3.00276648508
1.76175403978
4.37704680312
2.81831806658
4.19018667809
1.37311901859
1.22946645494
1.74107814475
1.00246256173
4.70875022657
1.38237859198
2.58521163546
2.06428591135
3.9661469565
2.38091443666
1.42489155864
3.54592242765
4.5244773865
2.96888100634
3.6967996388
1.24776343852
3.2615659615
1.58649380478
0.526624265428
1.33806679382
2.35679641935
1.3765711854
2.83067227438
2.60757462921
4.94436776635
0.88500669342
2.42213120703
2.59918424502
2.1705830454
0.877596490925
2.635751115
0.480910117494
4.2810729754
2.89036154648
1.28704520922
2.22252002795
4.31074800015
2.86988260872
3.83696735574
2.35277255046
1.86064929452
1.49109859313
2.73659595568
0.997839814809
2.08680899475
2.06155152878
2.01261050302
3.91588730384
0.950181302181
1.0522462941
1.68664170194
1.65941527808
1.40042164794
0.629429093028
3.90539498574
0.986433350288
1.88950166393
4.49836825469
2.20748740239
3.89183415324
0.409551046976
2.12567334555
2.66556071469
2.11974215002
1.74996297517
2.87092027001
3.42829556301
2.19402782998
1.35995017104
2.79976172262
1.12083650942
2.87242032549
3.93570639663
2.72556161399
2.34317094485
1.13881934384
1.87254747979
1.14234976203
1.5666053028
1.87633902383
0.244268476731
2.71434469446
2.5504367992
3.25200162617
3.82174543676
2.056441865
1.87853628176
1.06741996644
3.37218480024
5.0070686023
0.420641190803
1.1485332382
2.37064971511
4.19217470023
1.87712947546
3.54039311128
0.377101962931
0.941815068868
1.50746608422
1.89349090173
3.84326323576
2.20811827951
1.25778815759
3.45831626673
1.07452790736
2.89585449386
3.71863830993
2.39765611046
1.79630256372
3.78049970713
1.69290181866
2.99960013083
2.98796506639
1.84877754357
1.52565138319
2.25080825046
2.56422880343
1.59828011056
1.38676204635
2.71825169139
2.73675658058
2.67382992381
2.2954919668
3.4956132002
2.88998653687
1.48734594272
2.29463256442
2.4626864706
1.32927086768
3.71661017863
1.10740687711
2.06267097973
0.575957627435
1.00855514775
2.46286565411
1.706158651
1.82017147341
3.42829556301
2.05456580705
1.72075336937
0.814259793095
3.19992283842
2.09282469903
4.99178919345
2.17858935772
1.96181491346
3.02952534049
3.42829556301
0.98284459242
2.493185691
1.52548263493
3.04484853
1.97689674039
2.15961266109
1.96205379991
3.42829556301
3.78294561696
1.95154896716
0.914445714835
2.88998653687
2.93456077276
1.55271771968
5.47815181391
1.05536534831
1.62570048392
1.74784841256
0.978687875167
0.648265398682
3.2942809263
1.67559627485
3.23555572436
1.77032194042
0.315504922985
2.493185691
0.91442489791
0.918536986894
4.75778727635
2.9657404008
5.2378791144
3.09828642804
2.8287855952
2.80854469357
2.97070700021
3.59840103497
1.8941187549
4.71031025584
2.10208946616
1.90558000537
2.42963223809
3.74686569804
-0.0823829221831
3.69124965501
2.26140373843
3.11171522417
2.16039788996
1.04295933699
2.48319721112
2.54504574967
1.64482508447
0.77350522457
1.81286699642
1.07452790736
1.4798053475
1.98564698018
1.63257228684
0.568482183436
0.318811591135
1.40680268142
3.6179837348
0.619564421024
1.21539738314
2.83067227438
2.61294351748
2.53432736073
4.67330347879
2.52867565057
2.55869499532
1.66044823785
1.43239929472
2.86644422761
3.99395432486
1.3762440248
2.98101350796
4.67715453335
3.84238456093
1.55721017628
2.35994212958
1.13939210338
3.19171729594
2.6253047247
4.19217470023
1.71799375361
3.05368470636
1.85310223644
1.98838720929
1.42571336769
1.12479718718
1.81762667392
3.28487955095
1.4436476667
2.59121032254
2.93338062807
1.19367505522
2.0913239539
0.0970845525812
0.73729965889
1.74784841256
2.47604964367
2.7420748595
1.10171481512
4.06408400107
3.4956132002
1.33674045775
4.18237115643
2.65160184283
2.21138117672
3.27170858352
3.64564916094
2.64158914066
0.711367831037
2.13716693877
3.28523762034
1.97938310596
2.23150635871
1.82872967584
1.94921911469
4.23409698776
1.89407763055
2.2241732425
1.45991924097
2.10569906419
1.21679832885
1.92811924144
2.80884873319
0.956380533685
1.51909547389
3.00148736798
1.25287468711
1.86981690849
3.6557582507
3.70050524591
2.2342104972
2.70035665598
4.87394856913
1.08689573272
2.43822223569
4.79709498181
1.69502119057
2.74885237468
0.953579623798
1.79681374084
2.08661354545
1.24817559211
3.86635776409
3.0055224693
2.47533367803
1.68247697246
2.06772480233
2.47942378109
3.84140337296
1.57240256259
3.66958949974
1.39315125812
3.2493149317
2.493185691
1.69190530586
1.33899359506
0.625141183255
2.01296122081
2.62147117234
2.42305289259
0.325872190523
2.21063286794
0.824852658028
4.07215629881
2.51983500022
2.00445788528
1.79409908143
3.02492000008
1.51084543313
2.34977457608
2.93456077276
3.38630909342
1.1743936152
1.76639702327
0.951538144655
3.26972490249
2.25042776848
2.01283095023
1.47959958225
1.74352404433
1.39624297683
2.07311879143
1.24817559211
2.36619035974
1.55483271227
2.21095274668
3.32365754325
2.12083267721
0.824850026986
1.68982581844
3.88796597088
1.75126773971
1.68742812956
2.99960013083
1.8848714266
2.36619035974
3.85992936028
2.30291213214
2.75441064472
2.29686866728
2.02541444553
3.55833457721
1.51704114282
2.08295384832
1.71752207146
1.56976525304
1.6462803126
1.42382981584
2.86162114957
1.60438128139
2.68467267184
0.587667293533
1.62264960864
0.883192482655
2.18675784808
1.42483901864
0.649054799699
4.07215629881
0.483980029047
5.06376124031
2.68460024365
5.16532172405
2.35994212958
4.82451482776
1.66725863395
2.45058856877
1.53050073488
1.67559627485
1.71785694947
2.8512745875
0.456758545813
4.70875022657
1.89126754586
2.41468239209
2.2728720879
3.90404050807
3.4406176915
1.55038395015
2.84888650781
2.54492952651
3.00508084292
4.10646859343
3.23108159728
4.49836825469
3.5344212806
2.11974215002
1.49368158242
1.90111878405
1.11981127967
0.908206831904
1.68664170194
1.05263829527
1.30508742011
1.74259628411
1.70767722371
3.67061705808
0.00753400136726
1.40795113586
0.568052972462
5.00961894954
2.56123210441
1.89064401535
2.32384892847
2.62886824598
2.49324543144
1.48034502232
3.1326834024
2.0076830414
1.77138427914
1.33674045775
0.290529570138
2.47984555408
