0.217268064341
1.40329064164
3.51666720586
1.84104522898
2.36506555145
1.72276369177
1.96562009136
1.89103763258
2.94341111254
1.62463791776
1.39095344363
3.18505754789
2.62563226352
1.99697744156
3.60935040856
2.70582334956
2.3589049439
1.56580606755
1.12740832829
0.903101522868
2.51119762374
4.52296594833
2.4913501752
2.30864476591
1.55054918544
1.26573700606
2.37098808826
2.00873866734
2.16432576572
2.02593481249
1.58489508429
0.605415927544
1.93060736333
1.91472114159
1.77009266682
2.94517372992
3.95648590138
1.54942312124
2.20677117745
0.796786328779
1.62086646375
1.92505209331
1.95290529735
1.39289821074
1.79972479222
2.22700743963
1.95527269431
3.86835919723
0.865928821082
2.35179980755
0.554130644414
3.01155030953
0.718585319378
2.11294960612
3.11414337177
1.99881145598
1.77571211639
2.85422398414
1.78629927345
2.61546580144
2.28772834032
1.8182096821
2.26670963852
1.8378473609
2.3939364781
2.37380947597
4.14476123665
2.30864476591
3.51054971087
1.73144179229
2.71213665105
1.46359341685
1.91616223003
2.98861522098
2.84822604365
2.34873040653
1.84019004786
1.03891797815
0.858189712075
1.47677969654
4.68109728323
2.84711650715
3.34768444019
3.51054971087
2.87569999916
3.29764906198
1.46865750541
2.08713082997
2.57738875022
1.37347282644
2.34873040653
2.87569999916
1.4002152703
2.29907639267
2.37139882688
1.64370028335
1.04837075612
1.39896425075
1.68840425565
1.42505171071
1.12716719553
2.01046928134
2.26619136962
1.91511137375
0.757772133393
2.33192056919
2.61285076094
3.27570940161
2.10478569065
1.8900239124
1.34879583728
1.75712531625
1.54854024265
2.14248370385
1.99308359938
1.22215258171
2.13545373306
1.51967951591
1.52558883441
2.43616052578
1.63047872903
3.15544314096
2.5849938488
1.57358606586
2.63738392511
2.32085382095
1.86312975917
1.96747970143
1.12740832829
1.40666562046
3.40783250291
2.0128947002
1.50274138295
1.18474691558
1.42625697967
1.18591118634
3.60161304352
1.75712531625
2.74753522936
1.65378026763
2.17159610227
3.3621470329
2.73841812085
3.08390226666
2.30404891317
1.99308359938
2.12155556869
1.50377501676
1.79302322852
2.70752409258
2.0750050094
1.93019772634
3.57510191613
1.74557888404
0.903101522868
1.45983428768
2.18466504723
1.52689937677
2.6161079848
2.89240007652
0.855388673718
2.36506555145
3.14988824585
1.12740832829
2.62527151343
3.3203571154
1.36584884201
2.04024671216
1.43646793947
2.1544643661
1.61605586817
2.18543320595
0.770626345826
1.69082645573
1.66030900236
1.83673494511
3.56847698396
1.00998960411
2.13910214079
2.19285879064
2.66370487483
1.54156553483
2.49636998739
1.39832910033
1.69829763051
2.39615898261
1.61304833864
1.70524420511
1.35637954984
0.854213722281
1.91302334973
2.11868255085
1.7828166074
1.75295606793
2.82830905437
2.08475178085
1.87501210125
3.3204689669
5.02361881988
2.0780106233
3.65675828636
1.50118498303
2.48183358319
3.0823764585
3.24755495859
4.67465953234
1.4620519224
2.18327546813
1.51548614047
2.49136312451
1.21638067275
1.8952937627
1.93288950397
1.98528617689
1.69461752493
1.89272676236
1.66691433788
2.31454242408
2.74119717454
3.20884035097
2.80429975686
0.723481156473
1.39187439309
4.2563912206
1.94412278001
2.17099160192
2.15357994245
2.79445332294
4.06258279227
0.738362489578
1.78535349471
2.39879575301
2.17878316588
1.73871361838
2.73188472056
2.03692961864
2.20530254887
1.83417907129
1.75947462311
2.17455932457
4.093784433
3.38266003976
2.37305317911
3.18915209527
1.98957509996
1.47280434821
1.99631307376
3.98703767576
3.12766772493
2.15206706004
2.38149960281
1.17568971241
1.55613136212
0.460569810981
2.20338377921
3.51054971087
2.36338710278
2.5549810847
1.67902803778
1.54889091843
1.62209242842
2.53004827718
0.853913888999
4.21216395744
2.10505187233
1.80511053324
2.7519908689
2.10270185192
1.80153495791
1.51576386322
1.42618397165
3.31857704257
4.45313712603
1.83372102806
1.90768315916
2.26886257768
4.43774856459
2.01901355617
1.38262591735
1.59646145859
1.47944484285
1.03266474459
1.20421677063
2.39175225064
2.44043017322
0.82812866247
1.78794249704
1.17616015427
2.95074031596
2.50352093575
2.88946406513
2.05686603839
3.62679768744
2.18161481432
1.21996680365
1.75130934119
1.65815151912
3.06602690678
2.60608020271
3.34985485867
1.78539538844
3.14344914552
1.09481960803
1.89630234708
1.73144179229
4.093784433
1.57361750072
2.60227973575
3.75420047286
0.877629043405
2.20272419032
2.34781132052
2.05021977734
3.9818337462
1.3759450152
3.16071905082
2.2246223844
2.07547567084
1.79643168013
1.69379731968
1.77770328949
3.69475220595
1.06568711888
2.14585565118
3.34768444019
1.47293686541
2.46828165087
2.77229671226
4.58184921259
3.04446875985
0.829444339532
2.41548091475
2.57138055403
1.88571609192
1.8373554437
1.24268746724
2.12537737751
1.63960780822
1.09337142071
0.184919639217
1.57418928315
1.71545052613
1.8986912843
1.39896425075
1.75652173318
1.53775350508
1.88226796612
2.81391289175
0.883007468581
2.11442356886
3.46561382267
2.3593061448
2.7569687226
1.78806869751
2.05800490473
2.93696063801
1.76742321613
1.35764884281
2.27634541943
1.16049583759
3.16643117248
2.17506044833
3.50220017933
2.83116575745
2.37044812832
3.24889496999
2.72598947704
1.14725837043
1.98528617689
1.8378473609
0.329481276256
1.20376824025
2.34843577413
2.07409355486
2.55670776198
1.64140266413
2.1661529947
4.06636515424
1.03319806895
1.77933064863
1.45813473247
2.30532424375
2.6505595156
3.9333080976
2.1663313366
2.7576918139
1.56369171869
1.26604368614
2.4913501752
2.42194905415
2.38970728478
2.40230593185
1.71999103685
2.04768588239
1.250878339
3.84466827396
4.50078797925
1.83425449453
1.43733149382
1.99171553674
1.88028210317
1.68236668516
2.18347743864
1.54433166992
1.79972479222
1.18474691558
3.51054971087
2.42194905415
2.04216889403
1.56071018749
1.71880454128
1.7759442123
1.58923118893
3.51054971087
1.89272676236
1.74556730317
2.12694020402
1.53969795223
0.669059054896
2.7433539713
2.31650917698
2.7214532923
0.478854501317
1.14551038357
4.22633482124
1.79302463686
1.99308359938
2.16879931457
0.688648451974
0.5288944682
0.668615409855
0.892993108597
3.05993273242
1.49951918156
1.10151391335
0.830134501519
2.24006092788
1.72439078957
1.68010685672
2.04781147761
1.70685438912
3.8029105178
2.46308077003
2.08223685897
1.12740832829
2.00873866734
2.1091985571
3.69414420636
2.81581160635
3.00686062732
2.23392541534
1.34511786639
2.44059609939
1.48796194545
1.76878082897
1.50588569583
1.35941319969
2.18207848754
1.18525970446
2.54175425327
0.961620573701
2.98233070669
1.77647174905
2.25855965678
0.650208285705
1.27765517747
1.90416835473
2.17893816294
1.36145462621
1.805699912
1.68118864791
1.76071819514
2.03797896636
3.10955544064
1.30732902166
3.9818337462
2.12581026416
2.14248370385
1.91419841594
1.39896425075
1.33657631115
2.29939762674
2.41639326185
2.01157667397
2.86635565472
2.63219038859
1.67133559835
1.22319414291
1.93147019484
3.29944097431
2.01716566714
1.75712531625
1.53069657982
2.01046928134
0.923299343925
3.51054971087
3.2475839576
1.74800932149
2.86352185159
1.99782441654
0.984046249578
1.31120652385
2.33589272509
3.51054971087
2.39206762203
3.44280810249
1.50123474391
3.05621881718
1.37648358177
3.0815149755
0.837001125702
2.93427091727
2.40307471036
1.64591918104
2.10185681186
2.22390998276
2.15763695457
1.54347286485
3.14911897134
2.1603775285
1.61225693087
1.12264888663
3.0370471284
1.68840425565
1.99631307376
0.597687953465
1.56437390691
2.49273586061
3.22133476088
2.29397644419
2.84822604365
2.62368635141
2.41282559126
1.1218790281
2.71864031894
1.52667867713
1.76279768114
0.584566461647
2.89091136315
2.43056509338
2.78064695056
3.34768444019
2.60498825142
0.667463556303
2.06626930829
2.24050356494
0.943883209852
1.48394764137
3.28583253735
4.67465953234
2.84822604365
0.848942281514
1.99308359938
3.50035060813
1.86454732629
1.72731936202
1.51548614047
1.81499010808
0.877288772133
1.65517795424
1.81969129762
1.61190073902
0.615717050762
2.05404504234
1.51548614047
1.54839719255
3.16071905082
2.1834398972
1.15161569288
2.94517372992
2.51119762374
2.5473750893
2.44931351554
2.52774599887
2.29397644419
3.51054971087
2.84588526385
1.32665998561
2.4591572994
0.574861070453
3.3927831755
3.08520670269
1.4921638412
1.45965853994
0.870119483723
1.79514515133
2.28920695162
2.63219038859
1.96771385832
1.27765517747
2.37044812832
2.02243943111
2.01046928134
1.97748421308
2.49053459398
3.16044580595
1.75935487366
2.30404891317
2.39733520121
0.865928821082
0.221617965175
1.76964122365
1.29668259702
3.3927831755
1.03327200389
1.34559692014
0.688648451974
2.09512635085
1.84953878665
1.89517022471
1.6600146964
1.64069358391
1.87767680921
1.94604209789
1.21925352792
2.36277227275
2.9976334368
4.52511842465
2.30589462189
2.44570944323
2.5873991281
1.90712913019
2.58571085434
2.02434199481
3.51054971087
1.12740832829
2.70327970522
3.60519986596
4.43774856459
1.90146003882
2.65694954541
1.53969795223
2.06777240948
1.33545099887
3.65675828636
1.60132571929
2.8013103257
2.26076962018
1.12740832829
1.78963129841
0.460569810981
1.35480370037
1.39896425075
1.72276369177
1.99607935837
1.99308359938
2.05684542855
2.31649290543
2.05404504234
2.35919541379
1.05387278641
1.49951918156
2.24556614942
1.6516519083
2.29949296051
2.0291865779
2.81842311627
2.82703141802
2.36133225764
3.14283549909
2.8702252423
2.19538285159
1.32665998561
1.26424268791
2.6241667565
1.39095344363
2.28357589289
1.55447306828
1.3529199012
2.45036346132
1.94496880334
1.94884390178
1.4968047576
1.81367805885
1.61758197507
2.15357994245
0.859150408831
2.04884729356
1.41800555754
1.18474691558
2.71782271596
1.66587599564
2.20715455245
2.87168499133
0.393325652489
1.03965543032
2.93766258354
2.40956299204
3.51054971087
2.65719227446
2.55212933459
0.846449120469
2.63219038859
3.34768444019
2.20677117745
2.8862804834
1.28126642573
2.21311954205
2.17542060104
2.4393206202
2.47116388495
1.58985107767
1.41567964385
2.29670442731
4.09274095576
2.39958669874
1.65815151912
1.94352619621
1.55102419267
2.53136403682
1.44138219326
1.27765517747
1.27765517747
1.4904752641
2.13726265619
1.77063111438
2.21580637627
2.13688532371
1.18474691558
1.03891797815
1.64037558284
2.91341387986
3.97840683291
1.42141820406
2.27452736871
2.20407470298
2.26215047316
1.59247514576
2.09065552412
0.903101522868
2.40360356114
1.79667316479
2.84007896129
5.0581300276
0.841303894128
1.11286185018
1.26567636471
1.81367805885
1.37630580666
3.14160360476
1.20493209585
2.6349236101
3.35345717848
1.94364495387
2.3939364781
3.58238315396
2.89659714655
1.8586538107
2.0442960033
2.85884576874
2.15357994245
2.7842812462
1.66885062471
1.81499010808
0.846725676168
2.89091136315
1.23779307569
2.42959755052
2.19442258435
1.99308359938
2.34540283446
4.093784433
1.56013991436
1.12537965221
1.74910202678
3.62679768744
1.40996407602
0.923530157175
3.65675828636
3.57510191613
1.75712531625
3.51054971087
1.65634870749
2.50799068921
2.2251934734
2.08911126115
0.825714387459
1.51942706135
1.8182096821
3.72139474942
2.45141678685
1.95848638933
2.04194500846
1.84953878665
3.50098896666
2.09103769458
1.43705103224
3.10955544064
1.42642939995
2.28943296712
1.30766261105
0.688648451974
1.93771704559
1.62865321783
5.02361881988
1.38262591735
1.57826418387
1.37939835236
2.83116575745
2.10186492451
2.00819901784
2.28920695162
3.51887237266
1.24322360492
2.53255596932
1.47677969654
2.23596020973
2.25765163099
1.65634870749
2.47070474584
1.83078501424
2.49053459398
1.84761056075
2.07409355486
2.67382131223
0.669839685081
1.97354477276
2.09865725358
2.43020643555
3.65675828636
1.89013206892
1.87162943733
3.62679768744
2.97162278615
2.15357994245
1.73144179229
1.19063196126
4.06258279227
3.24073380204
1.75957964499
0.799783732267
1.74557888404
2.77198006982
3.53477009296
2.51484976763
1.77688761015
3.00077487436
1.4971297187
1.50491728224
3.11414337177
2.79504857811
3.29358085065
1.48302070121
1.78436201911
3.1955228825
1.57418928315
2.17228363145
2.06490053543
1.53956121038
3.03698244508
1.55994133625
1.71880454128
2.05404504234
3.35227487679
2.32802894684
3.42674788904
1.81598481531
2.27678516355
1.58509398237
1.13772880343
1.79322789555
2.35179980755
2.48125093854
4.55116075128
2.09915732881
4.60891188681
1.26673477694
1.03266474459
2.53004827718
1.75652173318
2.79413722885
2.82567551376
1.97403445651
4.19891534163
1.97690833373
1.44082359676
1.26442834591
1.35061799317
2.5566178283
1.72119987749
2.84521039486
3.93447201609
2.79690717959
1.38691291411
2.59485091825
1.24035678847
2.26486626982
3.98703767576
1.4927912832
3.86835919723
1.12740832829
2.39999371654
3.24266493387
2.7214532923
4.22633482124
1.78802968964
3.51054971087
1.46489613163
1.99513942829
0.827852166084
3.05222960158
0.329481276256
2.50799068921
0.744036598094
3.60935040856
1.12740832829
3.65675828636
2.09312690392
1.31222752836
2.63972543749
1.08854213839
1.12740832829
3.18360185055
1.87745060768
0.740498564279
3.05463520157
2.56635005318
2.19188299276
1.70047063216
2.28943296712
1.45500070672
0.971610665604
2.81957355702
1.79411790096
3.56839456302
2.5305052277
3.24484709463
1.57515599419
0.859346756708
2.96869935831
3.46850087075
2.87541807655
1.33876198446
2.61668304139
0.968731874978
1.67151006331
2.55042719903
1.72284410048
1.77873497997
2.35272839255
2.61834868099
2.11639301943
3.14911897134
1.96892120124
1.39095344363
2.85563897208
2.7107855995
1.04104497228
2.06595974437
3.62679768744
2.2762147664
2.38546683289
3.77184640301
2.47116388495
1.05477976932
2.4618200452
2.58305084796
1.33661472254
2.0455226936
3.67340114468
3.08146779805
2.4709147541
3.62766341382
2.01928983871
1.12740832829
1.52232492129
4.40894841297
3.14964075782
2.76852903682
2.58361497083
2.15357994245
3.58238315396
1.7250038389
1.30279632521
1.46841994854
1.37922597436
3.74005079014
1.16688696847
2.14069454193
0.97502696883
4.16378390388
1.96050318956
1.7733947357
2.56936791172
2.48729075388
1.05675312661
2.00510683867
0.933160897209
1.81991510392
1.88395895804
1.28439740703
2.63004583101
2.03958756434
1.9471853174
2.23652361417
1.94158664929
1.11803653278
3.01804742333
1.80654610931
2.18625348688
1.60854199681
0.746303816674
1.36594950293
1.73662727534
1.55274435638
2.38336162497
2.35217694343
1.64661070878
1.46109239603
2.67418756979
1.26731644801
1.42938811926
1.00929679885
3.72139474942
3.97840683291
3.40783250291
3.67340114468
1.52667867713
3.02577827939
2.54609175422
1.54854024265
4.01864840213
1.75712531625
1.37939835236
2.98233070669
2.05404504234
1.70524420511
2.80875655381
3.40783250291
1.94472832367
2.3576845991
1.95610991266
2.05437932457
1.53969795223
1.88990550407
2.01156299309
1.79020177488
2.36680397262
1.29424788842
2.55197639888
2.62695316864
0.857347967343
3.9333080976
3.60935040856
2.06545638193
2.21072478502
1.62326651476
2.08263250062
2.21231980094
2.23955147131
2.01046928134
1.8174915243
1.15608207787
3.95301645335
3.85116336441
1.60640714317
1.92406531828
1.500825899
1.21540299813
1.23722682749
2.17311356716
1.71880454128
2.32604844411
0.903101522868
2.44624504976
2.3638799269
1.5717928053
1.93282814403
1.37999860327
3.34355782993
2.16017097094
4.06636515424
4.093784433
2.36740589973
3.4033538816
4.10477961023
0.478854501317
0.329481276256
2.84822604365
2.6241667565
1.43345951233
2.34868557201
3.35425130709
1.40329064164
1.41987724844
1.72276369177
2.01204767321
1.78871344201
0.721298464685
1.18010004263
2.15357994245
0.682528788559
1.75394975246
1.31559249861
2.29347854066
0.865928821082
2.14639793343
3.71785236813
1.4524358817
2.98723081113
1.37623354119
2.01046928134
1.51765045392
2.2154353538
1.71015414893
1.11556687728
2.07481448519
3.1013175525
1.53969795223
3.51054971087
1.6683349769
1.24546536484
2.17619314071
0.865928821082
1.51548614047
1.92193726329
1.39095344363
1.85434272783
1.42398576869
2.4618200452
1.22959946993
3.03964552143
1.84103048847
1.67777298891
0.865928821082
2.34873040653
0.963816263955
1.53956121038
1.91027652152
1.92859525829
2.88229106483
1.46359341685
0.797322736817
2.1738056267
1.23278922961
1.20635160469
2.36354883079
1.37684243239
3.27669918706
1.64723932241
3.38266003976
2.89582934769
2.21055618122
2.51219503605
1.80963142147
1.94969268983
2.35763497001
1.395180565
1.35617664154
2.54045229675
2.7214532923
3.51054971087
1.96195046217
2.50799068921
1.22677851542
1.91841880395
1.99302467186
1.39095344363
2.07357129531
1.6579063086
1.81403726399
1.86196438836
4.67465953234
1.74562925923
1.77571211639
2.28979732782
1.59266369336
1.75712531625
3.03698244508
3.13872283566
1.80746946244
2.89091136315
1.10598963967
1.99308359938
2.62625680897
1.64008806022
0.972419000299
3.59962794917
4.55116075128
2.69167463213
1.74007110919
1.51823289016
1.91277230117
2.38546683289
1.9187861652
2.12479377816
1.64505170395
1.3116506084
2.06647324891
1.71545052613
1.1205576691
3.13311571938
1.78614055984
2.29773507658
1.42065626409
3.17080732387
4.55116075128
1.61987117206
1.99308359938
2.85166651605
2.15645450191
1.57627342274
2.17506044833
3.40783250291
4.14341795861
2.84274246026
1.97480426481
1.58679444636
0.96936400975
2.41058296991
1.25362273778
1.3759450152
2.72465729582
1.86353450542
2.22367775658
1.12716719553
1.00286392889
3.16562435724
1.80371730304
1.96524669491
3.51054971087
2.80306520702
1.84487922222
2.15206706004
1.33001354768
2.82703141802
4.36529537097
1.30766261105
0.97360645568
2.62890536692
3.78399895428
0.961620573701
1.51690192296
0.688648451974
1.96568090845
1.7733947357
1.41173092063
2.59685910295
2.34873040653
3.65113987583
1.48919728079
2.09755088133
2.61668304139
1.04462317119
1.97257447421
3.08753760578
2.89659714655
1.6087592636
2.78530776144
2.06922678291
2.89366707442
2.15206706004
3.2475839576
1.45943380941
1.08519688469
2.50799068921
1.30335692666
1.68840425565
2.10760646048
1.69300940099
1.83996451883
2.78596027765
2.04363764888
0.460569810981
1.36159529515
2.15357994245
3.39842032408
2.33192056919
1.89407290164
1.67791491057
1.21374734302
1.1134682827
1.94352619621
2.04928895007
1.62086646375
2.34829579906
4.19891534163
2.37707800867
1.10249953272
1.40151798239
1.80030583268
4.30698631289
1.56071018749
2.58305084796
2.69253894685
1.98945264948
1.12740832829
1.99889840696
2.39592152334
1.60714759147
1.22215258171
1.91590355666
1.93458622077
2.19982919366
1.56128028664
2.2374322666
2.15633133143
1.30320524598
2.4702805256
0.561110795383
1.59344144957
1.82360344106
2.79586365643
2.08909470177
1.40688032415
2.1171878541
2.18801033505
1.28988727491
1.66142925991
1.15923856305
2.01788696998
2.43445227438
3.28583253735
1.45951277023
1.49815856264
1.18274941022
1.77691704676
1.30279632521
2.01046928134
3.13915163134
1.47028380792
0.872291423149
1.85464319776
2.31590135372
2.02046430128
1.83425449453
1.44288489619
1.48302070121
3.5498803124
2.43020643555
3.06593086113
3.41111254762
3.40783250291
1.82622216889
2.47692192209
3.87703598523
2.3828726832
2.83258783858
1.41037598687
0.782904796434
2.0098808152
2.98730515404
4.50078797925
3.51054971087
1.5309291373
1.37939835236
1.68109832177
1.32239003921
2.8391893665
1.12740832829
2.34063339301
2.64376303356
0.650756462523
2.90790923329
2.61922435721
1.88495645609
2.54071889762
2.42772065972
1.0622305114
2.87075992991
1.17910987044
2.06777240948
3.24413963821
2.21815928474
1.18525970446
2.23313228605
1.83291112237
1.46675267066
2.43411942121
2.16134150411
1.69565102117
2.9651034446
2.08046954218
2.51119762374
2.22292860828
3.36395487355
4.43774856459
1.84547256388
2.49826325083
2.11849720824
1.30279632521
1.27731942829
1.20500277008
1.79828042675
2.15357994245
0.628767182438
2.46853645302
1.38646448359
2.08713082997
4.18879220589
4.43357956173
4.55116075128
3.15247710519
2.54624330657
2.29573457995
0.855388673718
2.34933658626
1.22934145108
2.73350977925
2.15780273455
1.3888675542
2.03607880801
1.97403445651
2.16921866931
2.56030679715
3.65675828636
1.03781409788
1.33001354768
2.50799068921
2.028099893
1.78553340836
1.94928844377
3.51054971087
2.49053459398
2.16017097094
4.67465953234
1.916993035
1.77770328949
1.76710247723
2.27316572656
1.21074719223
2.1375725979
2.76562188015
1.51950099783
2.14248032536
3.51666720586
1.22640133545
1.79166364596
0.931081942367
2.3485740086
1.85178009126
1.64664432688
1.90200872233
2.23494687189
1.69427734125
1.91985364989
1.37922597436
1.27644373953
1.50743602908
2.31645140004
1.67153728219
2.87487850139
2.08330675819
2.38546683289
2.10974694348
3.62679768744
1.95018447233
2.58293207532
0.668615409855
1.0307039378
2.72917399451
2.52212503299
1.40322094546
2.02712915802
2.5623055559
2.1437324681
2.11872646552
1.52468457546
2.86856037039
2.23035612693
2.84521039486
1.81488853633
2.3474805255
1.78122308177
2.03937354024
2.82703141802
2.69662961203
1.47396468334
2.37044812832
1.14991180007
1.84801718349
3.69060192437
1.57704746947
3.19730273185
2.98723081113
0.404313452952
1.91264898477
2.2376409221
1.89032416653
1.45629250459
1.43345951233
1.54017411312
2.79141272609
4.093784433
1.1373356319
2.18836063869
1.38538336495
1.18525970446
0.846725676168
3.07410359548
2.6553230293
2.98723081113
1.53204553313
1.92656898645
3.01805333653
3.46513835378
2.92975127747
1.62222806521
3.14160360476
2.87494728389
2.01046928134
2.7261035587
2.19181152259
2.78642356905
1.87446648296
3.62679768744
3.06593086113
1.9401784558
3.23490133461
2.60666558298
1.56437390691
3.17741352502
1.42554819829
2.18127204034
2.65050486285
3.16071905082
4.72347473173
2.69856130015
1.23779307569
2.4932448649
1.4002152703
1.81367805885
1.9886463776
1.32373435359
2.31206681831
2.01046928134
2.40908270313
1.62166248102
1.62086646375
2.10812079056
2.39999371654
1.826773632
3.96862810658
1.66062085542
2.39387052099
1.88271395283
2.44570944323
2.21407905463
1.52154863822
3.41748042064
3.79094672145
2.26839654533
2.12589323525
1.27204701692
2.04638842759
1.00362292412
2.39637400969
1.30962016036
1.55874759482
2.97042102873
2.11231444769
1.96914392308
2.05817335603
1.85147309908
3.20093181217
3.41748042064
2.87799409701
2.67940111433
2.51119762374
2.14294870258
2.09816838002
2.12082991089
2.07385068953
1.18649593283
4.31803516477
1.61338334562
2.02568470846
1.03781409788
3.82891051666
1.03891797815
3.02756980671
2.29121044301
